 RISULTATI - punto finale della clotoide 

Tao_cent =  1.414711e+01 
S_star =  4.444417e+02 
XF_star =  4.444417e+02 
YF_star =  4.444417e+02 
XM_star =  4.444417e+02 
YM_star =  4.444417e+02 
